data set = axis III.
intercept = 1.2321805928043073 +/- 0.38846838406543386E-2.
gap       = -0.85761837876563818 +/- 0.37889698171988118E-2.
slope     = -7.5053225566823851 +/- 0.43454439669970826E-1.

 2025-03-31 10:48:53
