data set = axis II.
intercept = 4.9742814849956538 +/- 0.52430528315724638E-1.
gap       = 5.1683901659133147 +/- 0.52150807169142895E-1.
slope     = -2.0751468946042690 +/- 0.92077791364698708E-1.

 2025-03-31 10:48:53
