data set = axis I.
intercept = 0.98989391110774805 +/- 0.32002478858138977E-2.
gap       = 0.33761437784118697 +/- 0.16540542769529966E-2.
slope     = 3.4377286888016476 +/- 0.13022885493030319E-1.

 2025-03-31 10:48:53
